[U1, U2, U3] 
[ -1.54279247e-38   5.55810462e-39   7.94655246e-35]
[ -1.52481382e-38   1.42258489e-38  -7.93186682e-35]
[ -1.40317604e-06  -7.34161556e-01   2.25896612e-01]
[  6.33882848e-07  -7.34161437e-01  -2.25895137e-01]
[ -2.48989750e-06  -2.93657708e+00   4.51771766e-01]
[  1.67754933e-06  -2.93657732e+00  -4.51769173e-01]
[ -3.44934915e-06  -6.60704041e+00   6.77604675e-01]
[  2.53582493e-06  -6.60703993e+00  -6.77600861e-01]
[ -4.33624336e-06  -1.17452345e+01   9.03382540e-01]
[  3.51407380e-06  -1.17452345e+01  -9.03377414e-01]
[ -5.19854348e-06  -1.83507404e+01   1.12908649e+00]
[  4.32457909e-06  -1.83507404e+01  -1.12908006e+00]
[ -5.98710812e-06  -2.64230289e+01   1.35470188e+00]
[  5.20365074e-06  -2.64230289e+01  -1.35469413e+00]
[ -6.78854076e-06  -3.59614677e+01   1.58021080e+00]
[  5.95136771e-06  -3.59614677e+01  -1.58020175e+00]
[ -7.50941854e-06  -4.69653130e+01   1.80559754e+00]
[  6.74904277e-06  -4.69653130e+01  -1.80558717e+00]
[ -8.25469670e-06  -5.94337158e+01   2.03084469e+00]
[  7.45112493e-06  -5.94337158e+01  -2.03083277e+00]
[ -8.92452590e-06  -7.33657074e+01   2.25593543e+00]
[  8.18671469e-06  -7.33657074e+01  -2.25592232e+00]
[ -9.62349077e-06  -8.87602234e+01   2.48085213e+00]
[  8.85387271e-06  -8.87602234e+01  -2.48083782e+00]
[ -1.02550939e-05  -1.05616074e+02   2.70557785e+00]
[  9.54241750e-06  -1.05616074e+02  -2.70556211e+00]
[ -1.09182020e-05  -1.23931953e+02   2.93009424e+00]
[  1.01831638e-05  -1.23931953e+02  -2.93007731e+00]
[ -1.15218845e-05  -1.43706451e+02   3.15438390e+00]
[  1.08367694e-05  -1.43706451e+02  -3.15436554e+00]
[ -1.21584844e-05  -1.64938034e+02   3.37842822e+00]
[  1.14588411e-05  -1.64938034e+02  -3.37840843e+00]
[ -1.27426138e-05  -1.87625031e+02   3.60220838e+00]
[  1.20873665e-05  -1.87625031e+02  -3.60218740e+00]
[ -1.33608901e-05  -2.11765686e+02   3.82570553e+00]
[  1.26977166e-05  -2.11765686e+02  -3.82568312e+00]
[ -1.39323938e-05  -2.37358078e+02   4.04890013e+00]
[  1.33093245e-05  -2.37358078e+02  -4.04887629e+00]
[ -1.45394470e-05  -2.64400177e+02   4.27177286e+00]
[  1.39140557e-05  -2.64400177e+02  -4.27174759e+00]
[ -1.51040922e-05  -2.92889862e+02   4.49430275e+00]
[  1.45155345e-05  -2.92889862e+02  -4.49427652e+00]
[ -1.57060458e-05  -3.22824768e+02   4.71646976e+00]
[  1.51199747e-05  -3.22824768e+02  -4.71644211e+00]
[ -1.62685901e-05  -3.54202515e+02   4.93825245e+00]
[  1.57169343e-05  -3.54202515e+02  -4.93822336e+00]
[ -1.68707829e-05  -3.87020538e+02   5.15962934e+00]
[  1.63257937e-05  -3.87020538e+02  -5.15959835e+00]
[ -1.74349789e-05  -4.21276123e+02   5.38057756e+00]
[  1.69227023e-05  -4.21276123e+02  -5.38054562e+00]
[ -1.80418047e-05  -4.56966370e+02   5.60107517e+00]
[  1.75398582e-05  -4.56966370e+02  -5.60104179e+00]
[ -1.86106827e-05  -4.94088348e+02   5.82109833e+00]
[  1.81403502e-05  -4.94088348e+02  -5.82106400e+00]
[ -1.92256521e-05  -5.32638794e+02   6.04062319e+00]
[  1.87689238e-05  -5.32638794e+02  -6.04058743e+00]
[ -1.98013840e-05  -5.72614502e+02   6.25962496e+00]
[  1.93756659e-05  -5.72614502e+02  -6.25958776e+00]
[ -2.04274675e-05  -6.14011902e+02   6.47807837e+00]
[  2.00183385e-05  -6.14011902e+02  -6.47803926e+00]
[ -2.10114304e-05  -6.56827393e+02   6.69595718e+00]
[  2.06331588e-05  -6.56827393e+02  -6.69591665e+00]
[ -2.16505669e-05  -7.01057129e+02   6.91323423e+00]
[  2.12916293e-05  -7.01057129e+02  -6.91319275e+00]
[ -2.22432282e-05  -7.46697144e+02   7.12988234e+00]
[  2.19153590e-05  -7.46697144e+02  -7.12983894e+00]
[ -2.28966965e-05  -7.93743225e+02   7.34587240e+00]
[  2.25907752e-05  -7.93743225e+02  -7.34582806e+00]
[ -2.34972704e-05  -8.42190979e+02   7.56117582e+00]
[  2.32229631e-05  -8.42190979e+02  -7.56112957e+00]
[ -2.41655252e-05  -8.92035828e+02   7.77576160e+00]
[  2.39156489e-05  -8.92035828e+02  -7.77571392e+00]
[ -2.47730331e-05  -9.43273132e+02   7.98959827e+00]
[  2.45556039e-05  -9.43273132e+02  -7.98954964e+00]
[ -2.54558709e-05  -9.95897766e+02   8.20265484e+00]
[  2.52653153e-05  -9.95897766e+02  -8.20260429e+00]
[ -2.60673642e-05  -1.04990466e+03   8.41489601e+00]
[  2.59103836e-05  -1.04990466e+03  -8.41484451e+00]
[ -2.67630094e-05  -1.10528833e+03   8.62628937e+00]
[  2.66353145e-05  -1.10528833e+03  -8.62623596e+00]
[ -2.73751957e-05  -1.16204321e+03   8.83679771e+00]
[  2.72824109e-05  -1.16204321e+03  -8.83674335e+00]
[ -2.80812001e-05  -1.22016333e+03   9.04638577e+00]
[  2.80201584e-05  -1.22016333e+03  -9.04632950e+00]
[ -2.86884770e-05  -1.27964270e+03   9.25501442e+00]
[  2.86639242e-05  -1.27964270e+03  -9.25495625e+00]
[ -2.94015208e-05  -1.34047498e+03   9.46264458e+00]
[  2.94112051e-05  -1.34047498e+03  -9.46258545e+00]
[ -2.99974508e-05  -1.40265332e+03   9.66923618e+00]
[  3.00454194e-05  -1.40265332e+03  -9.66917515e+00]
[ -3.07124137e-05  -1.46617114e+03   9.87474632e+00]
[  3.07972041e-05  -1.46617114e+03  -9.87468529e+00]
[ -3.12882112e-05  -1.53102100e+03   1.00791330e+01]
[  3.14132922e-05  -1.53102100e+03  -1.00790701e+01]
[ -3.19985811e-05  -1.59719568e+03   1.02823515e+01]
[  3.21631669e-05  -1.59719568e+03  -1.02822866e+01]
[ -3.25434557e-05  -1.66468726e+03   1.04843531e+01]
[  3.27505550e-05  -1.66468726e+03  -1.04842873e+01]
[ -3.32411582e-05  -1.73348767e+03   1.06850920e+01]
[  3.34905781e-05  -1.73348767e+03  -1.06850243e+01]
[ -3.37415368e-05  -1.80358875e+03   1.08845167e+01]
[  3.40359111e-05  -1.80358875e+03  -1.08844471e+01]
[ -3.44158616e-05  -1.87498157e+03   1.10825777e+01]
[  3.47555251e-05  -1.87498157e+03  -1.10825062e+01]
[ -3.48555914e-05  -1.94765710e+03   1.12792196e+01]
[  3.52428433e-05  -1.94765710e+03  -1.12791471e+01]
[ -3.54940348e-05  -2.02160608e+03   1.14743881e+01]
[  3.59297228e-05  -2.02160608e+03  -1.14743137e+01]
[ -3.58533725e-05  -2.09681860e+03   1.16680260e+01]
[  3.63395120e-05  -2.09681860e+03  -1.16679497e+01]
[ -3.64402040e-05  -2.17328491e+03   1.18600740e+01]
[  3.69781410e-05  -2.17328491e+03  -1.18599968e+01]
[ -3.66951608e-05  -2.25099390e+03   1.20504704e+01]
[  3.72866525e-05  -2.25099390e+03  -1.20503912e+01]
[ -3.72119030e-05  -2.32993481e+03   1.22391520e+01]
[  3.78587538e-05  -2.32993481e+03  -1.22390718e+01]
[ -3.73340226e-05  -2.41009644e+03   1.24260530e+01]
[  3.80377678e-05  -2.41009644e+03  -1.24259710e+01]
[ -3.77580873e-05  -2.49146704e+03   1.26111059e+01]
[  3.85209933e-05  -2.49146704e+03  -1.26110220e+01]
[ -3.77135329e-05  -2.57403418e+03   1.27942381e+01]
[  3.85369203e-05  -2.57403418e+03  -1.27941532e+01]
[ -3.80181482e-05  -2.65778516e+03   1.29753780e+01]
[  3.89048109e-05  -2.65778516e+03  -1.29752903e+01]
[ -3.77657379e-05  -2.74270679e+03   1.31544485e+01]
[  3.87167129e-05  -2.74270679e+03  -1.31543598e+01]
[ -3.79198173e-05  -2.82878540e+03   1.33313713e+01]
[  3.89384368e-05  -2.82878540e+03  -1.33312817e+01]
[ -3.74118572e-05  -2.91600684e+03   1.35060654e+01]
[  3.84988962e-05  -2.91600684e+03  -1.35059738e+01]
[ -3.73779039e-05  -3.00435620e+03   1.36784458e+01]
[  3.85373278e-05  -3.00435620e+03  -1.36783524e+01]
[ -3.65568776e-05  -3.09381812e+03   1.38484259e+01]
[  3.77891156e-05  -3.09381812e+03  -1.38483295e+01]
[ -3.62909886e-05  -3.18437695e+03   1.40159121e+01]
[  3.76006865e-05  -3.18437695e+03  -1.40158157e+01]
[ -3.50887603e-05  -3.27601587e+03   1.41808138e+01]
[  3.64759653e-05  -3.27601587e+03  -1.41807146e+01]
[ -3.45390436e-05  -3.36871802e+03   1.43430309e+01]
[  3.60091944e-05  -3.36871802e+03  -1.43429298e+01]
[ -3.28761962e-05  -3.46246558e+03   1.45024624e+01]
[  3.44288419e-05  -3.46246558e+03  -1.45023603e+01]
[ -3.19830979e-05  -3.55723999e+03   1.46590042e+01]
[  3.36246449e-05  -3.55723999e+03  -1.46589003e+01]
[ -2.97640308e-05  -3.65302222e+03   1.48125477e+01]
[  3.14933932e-05  -3.65302222e+03  -1.48124418e+01]
[ -2.84571324e-05  -3.74979248e+03   1.49629803e+01]
[  3.02818262e-05  -3.74979248e+03  -1.49628725e+01]
[ -2.55700925e-05  -3.84752979e+03   1.51101837e+01]
[  2.74882350e-05  -3.84752979e+03  -1.51100740e+01]
[ -2.37675995e-05  -3.94621313e+03   1.52540379e+01]
[  2.57880802e-05  -3.94621313e+03  -1.52539263e+01]
[ -2.00798386e-05  -4.04582031e+03   1.53944168e+01]
[  2.21997325e-05  -4.04582031e+03  -1.53943033e+01]
[ -1.76872072e-05  -4.14632812e+03   1.55311899e+01]
[  1.99170572e-05  -4.14632812e+03  -1.55310745e+01]
[ -1.30411536e-05  -4.24771289e+03   1.56642227e+01]
[  1.53768597e-05  -4.24771289e+03  -1.56641054e+01]
[ -9.94680613e-06  -4.34994971e+03   1.57933741e+01]
[  1.24006410e-05  -4.34994971e+03  -1.57932549e+01]
[ -4.15726754e-06  -4.45301270e+03   1.59184999e+01]
[  6.72361239e-06  -4.45301270e+03  -1.59183779e+01]
[ -2.32804609e-07  -4.55687598e+03   1.60394478e+01]
[  2.92624827e-06  -4.55687598e+03  -1.60393238e+01]
[  6.92362846e-06  -4.66151074e+03   1.61560631e+01]
[ -4.11048950e-06  -4.66151074e+03  -1.61559372e+01]
[  1.18287380e-05  -4.76688916e+03   1.62681828e+01]
[ -8.87878741e-06  -4.76688916e+03  -1.62680550e+01]
[  2.06174154e-05  -4.87298145e+03   1.63756409e+01]
[ -1.75402820e-05  -4.87298145e+03  -1.63755112e+01]
[  2.66787702e-05  -4.97975586e+03   1.64782600e+01]
[ -2.34540657e-05  -4.97975586e+03  -1.64781265e+01]
[  3.74251285e-05  -5.08718164e+03   1.65758610e+01]
[ -3.40654187e-05  -5.08718164e+03  -1.65757275e+01]
[  4.48486353e-05  -5.19522461e+03   1.66682549e+01]
[ -4.13295311e-05  -5.19522461e+03  -1.66681194e+01]
[  5.79551524e-05  -5.30385059e+03   1.67552509e+01]
[ -5.42929556e-05  -5.30385059e+03  -1.67551136e+01]
[  6.69857764e-05  -5.41302344e+03   1.68366432e+01]
[ -6.31511284e-05  -5.41302344e+03  -1.68365040e+01]
[  8.29560013e-05  -5.52270703e+03   1.69122295e+01]
[ -7.89698533e-05  -5.52270703e+03  -1.69120865e+01]
[  9.38982121e-05  -5.63286230e+03   1.69817810e+01]
[ -8.97266364e-05  -5.63286230e+03  -1.69816360e+01]
[  1.13379254e-04  -5.74344873e+03   1.70450878e+01]
[ -1.09046639e-04  -5.74344873e+03  -1.70449390e+01]
[  1.26604660e-04  -5.85442627e+03   1.71019020e+01]
[ -1.22083875e-04  -5.85442627e+03  -1.71017513e+01]
[  1.50493463e-04  -5.96575098e+03   1.71519966e+01]
[ -1.45780723e-04  -5.96575098e+03  -1.71518440e+01]
[  1.66508456e-04  -6.07737842e+03   1.71951008e+01]
[ -1.61610049e-04  -6.07737842e+03  -1.71949444e+01]
[  1.96075373e-04  -6.18926270e+03   1.72309837e+01]
[ -1.90857536e-04  -6.18926270e+03  -1.72308254e+01]
[  2.15723281e-04  -6.30135596e+03   1.72593346e+01]
[ -2.10033788e-04  -6.30135596e+03  -1.72591743e+01]
[  2.52544298e-04  -6.41360791e+03   1.72799301e+01]
[ -2.46686075e-04  -6.41360791e+03  -1.72797680e+01]
[  2.77593208e-04  -6.52596729e+03   1.72924004e+01]
[ -2.70214572e-04  -6.52596729e+03  -1.72922325e+01]
[  3.49835434e-04  -6.63838184e+03   1.72968044e+01]
[ -3.46780522e-04  -6.63838184e+03  -1.72966309e+01]
[ -1.64314338e-38  -1.43997206e-38   1.58916952e-34]
[ -1.64182966e-38   2.22140279e-39  -1.58668136e-34]
[ -8.37130472e-07  -7.34166622e-01   2.25897953e-01]
[  5.31024227e-07  -7.34166503e-01  -2.25896820e-01]
[ -1.84116880e-06  -2.93658805e+00   4.51772064e-01]
[  1.25980705e-06  -2.93658805e+00  -4.51769501e-01]
[ -2.48963556e-06  -6.60705614e+00   6.77605808e-01]
[  1.99348074e-06  -6.60705566e+00  -6.77601993e-01]
[ -3.27788302e-06  -1.17452555e+01   9.03383017e-01]
[  2.70831333e-06  -1.17452555e+01  -9.03377891e-01]
[ -3.88376839e-06  -1.83507652e+01   1.12908733e+00]
[  3.41143141e-06  -1.83507652e+01  -1.12908089e+00]
[ -4.58406794e-06  -2.64230595e+01   1.35470235e+00]
[  4.04932325e-06  -2.64230595e+01  -1.35469460e+00]
[ -5.16137152e-06  -3.59615021e+01   1.58021152e+00]
[  4.70192390e-06  -3.59615021e+01  -1.58020246e+00]
[ -5.79626840e-06  -4.69653511e+01   1.80559814e+00]
[  5.28329156e-06  -4.69653511e+01  -1.80558777e+00]
[ -6.34337175e-06  -5.94337578e+01   2.03084517e+00]
[  5.89294950e-06  -5.94337578e+01  -2.03083348e+00]
[ -6.92681397e-06  -7.33657532e+01   2.25593591e+00]
[  6.43420253e-06  -7.33657532e+01  -2.25592279e+00]
[ -7.44750832e-06  -8.87602768e+01   2.48085260e+00]
[  7.00801138e-06  -8.87602768e+01  -2.48083830e+00]
[ -7.99164809e-06  -1.05616127e+02   2.70557833e+00]
[  7.51975494e-06  -1.05616127e+02  -2.70556259e+00]
[ -8.49134176e-06  -1.23932014e+02   2.93009496e+00]
[  8.06481785e-06  -1.23932014e+02  -2.93007779e+00]
[ -9.00598752e-06  -1.43706512e+02   3.15438437e+00]
[  8.55516464e-06  -1.43706512e+02  -3.15436602e+00]
[ -9.49014520e-06  -1.64938095e+02   3.37842870e+00]
[  9.07842877e-06  -1.64938095e+02  -3.37840891e+00]
[ -9.98323048e-06  -1.87625107e+02   3.60220885e+00]
[  9.55395444e-06  -1.87625107e+02  -3.60218787e+00]
[ -1.04569917e-05  -2.11765747e+02   3.82570601e+00]
[  1.00618281e-05  -2.11765747e+02  -3.82568359e+00]
[ -1.09350603e-05  -2.37358154e+02   4.04890060e+00]
[  1.05279742e-05  -2.37358154e+02  -4.04887676e+00]
[ -1.14030818e-05  -2.64400269e+02   4.27177334e+00]
[  1.10261635e-05  -2.64400269e+02  -4.27174807e+00]
[ -1.18715961e-05  -2.92889923e+02   4.49430323e+00]
[  1.14874865e-05  -2.92889923e+02  -4.49427700e+00]
[ -1.23379850e-05  -3.22824860e+02   4.71647024e+00]
[  1.19809647e-05  -3.22824860e+02  -4.71644258e+00]
[ -1.28013489e-05  -3.54202606e+02   4.93825293e+00]
[  1.24411426e-05  -3.54202606e+02  -4.93822384e+00]
[ -1.32696387e-05  -3.87020630e+02   5.15962982e+00]
[  1.29341624e-05  -3.87020630e+02  -5.15959883e+00]
[ -1.37315983e-05  -4.21276215e+02   5.38057804e+00]
[  1.33963440e-05  -4.21276215e+02  -5.38054609e+00]
[ -1.42047347e-05  -4.56966492e+02   5.60107565e+00]
[  1.38924415e-05  -4.56966492e+02  -5.60104227e+00]
[ -1.46681614e-05  -4.94088440e+02   5.82109880e+00]
[  1.43590214e-05  -4.94088440e+02  -5.82106447e+00]
[ -1.51486083e-05  -5.32638916e+02   6.04062366e+00]
[  1.48611516e-05  -5.32638916e+02  -6.04058790e+00]
[ -1.56156093e-05  -5.72614624e+02   6.25962543e+00]
[  1.53338551e-05  -5.72614624e+02  -6.25958824e+00]
[ -1.61051248e-05  -6.14012024e+02   6.47807884e+00]
[  1.58441908e-05  -6.14012024e+02  -6.47803974e+00]
[ -1.65771689e-05  -6.56827515e+02   6.69595766e+00]
[  1.63241948e-05  -6.56827515e+02  -6.69591713e+00]
[ -1.70771127e-05  -7.01057251e+02   6.91323471e+00]
[  1.68444240e-05  -7.01057251e+02  -6.91319323e+00]
[ -1.75550467e-05  -7.46697266e+02   7.12988281e+00]
[  1.73323351e-05  -7.46697266e+02  -7.12983942e+00]
[ -1.80658990e-05  -7.93743347e+02   7.34587288e+00]
[  1.78632363e-05  -7.93743347e+02  -7.34582853e+00]
[ -1.85491845e-05  -8.42191101e+02   7.56117630e+00]
[  1.83583325e-05  -8.42191101e+02  -7.56113052e+00]
[ -1.90707415e-05  -8.92036011e+02   7.77576208e+00]
[  1.88999493e-05  -8.92036011e+02  -7.77571487e+00]
[ -1.95592220e-05  -9.43273254e+02   7.98959923e+00]
[  1.94019376e-05  -9.43273254e+02  -7.98955011e+00]
[ -2.00908344e-05  -9.95897888e+02   8.20265484e+00]
[  1.99538299e-05  -9.95897888e+02  -8.20260525e+00]
[ -2.05823198e-05  -1.04990479e+03   8.41489697e+00]
[  2.04604275e-05  -1.04990479e+03  -8.41484547e+00]
[ -2.11224360e-05  -1.10528845e+03   8.62628937e+00]
[  2.10212256e-05  -1.10528845e+03  -8.62623692e+00]
[ -2.16143108e-05  -1.16204333e+03   8.83679867e+00]
[  2.15297496e-05  -1.16204333e+03  -8.83674431e+00]
[ -2.21605369e-05  -1.22016357e+03   9.04638577e+00]
[  2.20972197e-05  -1.22016357e+03  -9.04633045e+00]
[ -2.26492903e-05  -1.27964294e+03   9.25501442e+00]
[  2.26041393e-05  -1.27964294e+03  -9.25495720e+00]
[ -2.31978447e-05  -1.34047510e+03   9.46264458e+00]
[  2.31746471e-05  -1.34047510e+03  -9.46258640e+00]
[ -2.36784672e-05  -1.40265356e+03   9.66923618e+00]
[  2.36749274e-05  -1.40265356e+03  -9.66917610e+00]
[ -2.42248661e-05  -1.46617126e+03   9.87474728e+00]
[  2.42441220e-05  -1.46617126e+03  -9.87468529e+00]
[ -2.46907857e-05  -1.53102112e+03   1.00791340e+01]
[  2.47312091e-05  -1.53102112e+03  -1.00790710e+01]
[ -2.52287955e-05  -1.59719580e+03   1.02823515e+01]
[  2.52929731e-05  -1.59719580e+03  -1.02822866e+01]
[ -2.56720723e-05  -1.66468738e+03   1.04843540e+01]
[  2.57589545e-05  -1.66468738e+03  -1.04842873e+01]
[ -2.61940459e-05  -1.73348792e+03   1.06850920e+01]
[  2.63057609e-05  -1.73348792e+03  -1.06850243e+01]
[ -2.66044535e-05  -1.80358887e+03   1.08845177e+01]
[  2.67404448e-05  -1.80358887e+03  -1.08844481e+01]
[ -2.71006393e-05  -1.87498169e+03   1.10825777e+01]
[  2.72626585e-05  -1.87498169e+03  -1.10825071e+01]
[ -2.74666363e-05  -1.94765735e+03   1.12792196e+01]
[  2.76545798e-05  -1.94765735e+03  -1.12791471e+01]
[ -2.79254582e-05  -2.02160632e+03   1.14743881e+01]
[  2.81407229e-05  -2.02160632e+03  -1.14743137e+01]
[ -2.82323726e-05  -2.09681885e+03   1.16680260e+01]
[  2.84752768e-05  -2.09681885e+03  -1.16679506e+01]
[ -2.86392606e-05  -2.17328491e+03   1.18600740e+01]
[  2.89108993e-05  -2.17328491e+03  -1.18599968e+01]
[ -2.88692736e-05  -2.25099390e+03   1.20504704e+01]
[  2.91703727e-05  -2.25099390e+03  -1.20503922e+01]
[ -2.92072546e-05  -2.32993506e+03   1.22391529e+01]
[  2.95386126e-05  -2.32993506e+03  -1.22390718e+01]
[ -2.93397916e-05  -2.41009668e+03   1.24260540e+01]
[  2.97025199e-05  -2.41009668e+03  -1.24259720e+01]
[ -2.95877981e-05  -2.49146729e+03   1.26111059e+01]
[  2.99824078e-05  -2.49146729e+03  -1.26110220e+01]
[ -2.95977698e-05  -2.57403418e+03   1.27942381e+01]
[  3.00257925e-05  -2.57403418e+03  -1.27941532e+01]
[ -2.97305978e-05  -2.65778516e+03   1.29753780e+01]
[  3.01922355e-05  -2.65778516e+03  -1.29752903e+01]
[ -2.95886075e-05  -2.74270703e+03   1.31544485e+01]
[  3.00858446e-05  -2.74270703e+03  -1.31543598e+01]
[ -2.95771661e-05  -2.82878564e+03   1.33313713e+01]
[  3.01098517e-05  -2.82878564e+03  -1.33312807e+01]
[ -2.92488457e-05  -2.91600684e+03   1.35060654e+01]
[  2.98194664e-05  -2.91600684e+03  -1.35059738e+01]
[ -2.90575517e-05  -3.00435620e+03   1.36784458e+01]
[  2.96655835e-05  -3.00435620e+03  -1.36783524e+01]
[ -2.85019669e-05  -3.09381836e+03   1.38484249e+01]
[  2.91504439e-05  -3.09381836e+03  -1.38483295e+01]
[ -2.80887652e-05  -3.18437720e+03   1.40159121e+01]
[  2.87767216e-05  -3.18437720e+03  -1.40158148e+01]
[ -2.72576726e-05  -3.27601611e+03   1.41808128e+01]
[  2.79887772e-05  -3.27601611e+03  -1.41807137e+01]
[ -2.65733852e-05  -3.36871826e+03   1.43430300e+01]
[  2.73461555e-05  -3.36871826e+03  -1.43429289e+01]
[ -2.54107090e-05  -3.46246582e+03   1.45024614e+01]
[  2.62295725e-05  -3.46246582e+03  -1.45023594e+01]
[ -2.43968389e-05  -3.55724023e+03   1.46590033e+01]
[  2.52596546e-05  -3.55724023e+03  -1.46588993e+01]
[ -2.28368062e-05  -3.65302246e+03   1.48125467e+01]
[  2.37489148e-05  -3.65302246e+03  -1.48124409e+01]
[ -2.14241772e-05  -3.74979248e+03   1.49629784e+01]
[  2.23826355e-05  -3.74979248e+03  -1.49628706e+01]
[ -1.93905453e-05  -3.84753003e+03   1.51101818e+01]
[  2.04017742e-05  -3.84753003e+03  -1.51100721e+01]
[ -1.74986617e-05  -3.94621338e+03   1.52540359e+01]
[  1.85587560e-05  -3.94621338e+03  -1.52539244e+01]
[ -1.49019079e-05  -4.04582056e+03   1.53944139e+01]
[  1.60185718e-05  -4.04582056e+03  -1.53943005e+01]
[ -1.24357521e-05  -4.14632812e+03   1.55311871e+01]
[  1.36039234e-05  -4.14632812e+03  -1.55310717e+01]
[ -9.17204488e-06  -4.24771289e+03   1.56642199e+01]
[  1.04009705e-05  -4.24771289e+03  -1.56641016e+01]
[ -6.02117461e-06  -4.34994971e+03   1.57933702e+01]
[  7.30431839e-06  -4.34994971e+03  -1.57932510e+01]
[ -1.96947576e-06  -4.45301318e+03   1.59184952e+01]
[  3.31788397e-06  -4.45301318e+03  -1.59183741e+01]
[  1.99660803e-06  -4.55687598e+03   1.60394440e+01]
[ -5.91178548e-07  -4.55687598e+03  -1.60393200e+01]
[  6.97634232e-06  -4.66151074e+03   1.61560574e+01]
[ -5.50059940e-06  -4.66151074e+03  -1.61559334e+01]
[  1.19064644e-05  -4.76688916e+03   1.62681770e+01]
[ -1.03708207e-05  -4.76688916e+03  -1.62680492e+01]
[  1.79771123e-05  -4.87298096e+03   1.63756332e+01]
[ -1.63656168e-05  -4.87298096e+03  -1.63755035e+01]
[  2.40443132e-05  -4.97975586e+03   1.64782524e+01]
[ -2.23699808e-05  -4.97975586e+03  -1.64781208e+01]
[  3.13926976e-05  -5.08718115e+03   1.65758533e+01]
[ -2.96363542e-05  -5.08718115e+03  -1.65757179e+01]
[  3.87952387e-05  -5.19522412e+03   1.66682472e+01]
[ -3.69731024e-05  -5.19522412e+03  -1.66681118e+01]
[  4.76368914e-05  -5.30385010e+03   1.67552414e+01]
[ -4.57259412e-05  -5.30385010e+03  -1.67551022e+01]
[  5.65969385e-05  -5.41302344e+03   1.68366356e+01]
[ -5.46170741e-05  -5.41302344e+03  -1.68364944e+01]
[  6.71790331e-05  -5.52270654e+03   1.69122162e+01]
[ -6.51030714e-05  -5.52270654e+03  -1.69120731e+01]
[  7.79371039e-05  -5.63286133e+03   1.69817715e+01]
[ -7.57894450e-05  -5.63286133e+03  -1.69816265e+01]
[  9.05427805e-05  -5.74344824e+03   1.70450726e+01]
[ -8.82934328e-05  -5.74344824e+03  -1.70449238e+01]
[  1.03343191e-04  -5.85442529e+03   1.71018906e+01]
[ -1.01021600e-04  -5.85442529e+03  -1.71017399e+01]
[  1.18302072e-04  -5.96575000e+03   1.71519756e+01]
[ -1.15874180e-04  -5.96575000e+03  -1.71518230e+01]
[  1.33369307e-04  -6.07737744e+03   1.71950893e+01]
[ -1.30851869e-04  -6.07737744e+03  -1.71949329e+01]
[  1.51106797e-04  -6.18926172e+03   1.72309570e+01]
[ -1.48389328e-04  -6.18926172e+03  -1.72307987e+01]
[  1.68650455e-04  -6.30135449e+03   1.72593231e+01]
[ -1.65673249e-04  -6.30135449e+03  -1.72591629e+01]
[  1.89860322e-04  -6.41360645e+03   1.72798939e+01]
[ -1.86273406e-04  -6.41360645e+03  -1.72797298e+01]
[  2.09380858e-04  -6.52596582e+03   1.72923908e+01]
[ -2.05731296e-04  -6.52596582e+03  -1.72922249e+01]
[  2.01985968e-04  -6.63838037e+03   1.72967548e+01]
[ -2.00214708e-04  -6.63838037e+03  -1.72965870e+01]
[ -3.70844670e-39  -1.60671803e-38   1.58913715e-34]
[ -3.87717985e-39  -2.17220880e-40  -1.58679638e-34]
[ -2.99165009e-07  -7.34169424e-01   2.25898847e-01]
[  1.87813555e-07  -7.34169304e-01  -2.25897670e-01]
[ -6.41824442e-07  -2.93659449e+00   4.51772213e-01]
[  5.10542463e-07  -2.93659449e+00  -4.51769769e-01]
[ -9.26899133e-07  -6.60706520e+00   6.77606404e-01]
[  6.96883092e-07  -6.60706520e+00  -6.77602649e-01]
[ -1.15879516e-06  -1.17452669e+01   9.03383315e-01]
[  1.03394507e-06  -1.17452669e+01  -9.03378189e-01]
[ -1.43401348e-06  -1.83507805e+01   1.12908792e+00]
[  1.22986273e-06  -1.83507805e+01  -1.12908149e+00]
[ -1.64417088e-06  -2.64230766e+01   1.35470271e+00]
[  1.52285463e-06  -2.64230766e+01  -1.35469496e+00]
[ -1.90268645e-06  -3.59615211e+01   1.58021200e+00]
[  1.71857107e-06  -3.59615211e+01  -1.58020294e+00]
[ -2.09830068e-06  -4.69653740e+01   1.80559850e+00]
[  1.97908798e-06  -4.69653740e+01  -1.80558801e+00]
[ -2.33929154e-06  -5.94337845e+01   2.03084564e+00]
[  2.17048546e-06  -5.94337807e+01  -2.03083396e+00]
[ -2.52304699e-06  -7.33657837e+01   2.25593615e+00]
[  2.40822487e-06  -7.33657837e+01  -2.25592303e+00]
[ -2.74822378e-06  -8.87603073e+01   2.48085308e+00]
[  2.59425042e-06  -8.87603073e+01  -2.48083878e+00]
[ -2.92330969e-06  -1.05616158e+02   2.70557857e+00]
[  2.81485518e-06  -1.05616158e+02  -2.70556283e+00]
[ -3.13508758e-06  -1.23932045e+02   2.93009520e+00]
[  2.99607791e-06  -1.23932045e+02  -2.93007827e+00]
[ -3.30411262e-06  -1.43706543e+02   3.15438485e+00]
[  3.20369304e-06  -1.43706543e+02  -3.15436649e+00]
[ -3.50514665e-06  -1.64938126e+02   3.37842894e+00]
[  3.38133077e-06  -1.64938126e+02  -3.37840915e+00]
[ -3.67018310e-06  -1.87625137e+02   3.60220909e+00]
[  3.57934687e-06  -1.87625137e+02  -3.60218811e+00]
[ -3.86308147e-06  -2.11765793e+02   3.82570624e+00]
[  3.75480454e-06  -2.11765793e+02  -3.82568383e+00]
[ -4.02574915e-06  -2.37358200e+02   4.04890108e+00]
[  3.94595645e-06  -2.37358200e+02  -4.04887724e+00]
[ -4.21287450e-06  -2.64400299e+02   4.27177334e+00]
[  4.12059808e-06  -2.64400299e+02  -4.27174854e+00]
[ -4.37462404e-06  -2.92889984e+02   4.49430370e+00]
[  4.30725777e-06  -2.92889984e+02  -4.49427700e+00]
[ -4.55806776e-06  -3.22824890e+02   4.71647072e+00]
[  4.48235915e-06  -3.22824890e+02  -4.71644258e+00]
[ -4.72008014e-06  -3.54202667e+02   4.93825340e+00]
[  4.66646361e-06  -3.54202667e+02  -4.93822384e+00]
[ -4.90157163e-06  -3.87020691e+02   5.15962982e+00]
[  4.84308657e-06  -3.87020691e+02  -5.15959930e+00]
[ -5.06474953e-06  -4.21276276e+02   5.38057852e+00]
[  5.02616376e-06  -4.21276276e+02  -5.38054657e+00]
[ -5.24583538e-06  -4.56966522e+02   5.60107613e+00]
[  5.20531057e-06  -4.56966522e+02  -5.60104275e+00]
[ -5.41103827e-06  -4.94088501e+02   5.82109928e+00]
[  5.38873019e-06  -4.94088501e+02  -5.82106447e+00]
[ -5.59285218e-06  -5.32638977e+02   6.04062414e+00]
[  5.57109661e-06  -5.32638977e+02  -6.04058790e+00]
[ -5.76058937e-06  -5.72614685e+02   6.25962591e+00]
[  5.75579224e-06  -5.72614685e+02  -6.25958824e+00]
[ -5.94413859e-06  -6.14012085e+02   6.47807932e+00]
[  5.94202857e-06  -6.14012085e+02  -6.47804022e+00]
[ -6.11461246e-06  -6.56827576e+02   6.69595766e+00]
[  6.12854365e-06  -6.56827576e+02  -6.69591761e+00]
[ -6.30030490e-06  -7.01057312e+02   6.91323519e+00]
[  6.31878402e-06  -7.01057312e+02  -6.91319323e+00]
[ -6.47417482e-06  -7.46697327e+02   7.12988329e+00]
[  6.50806260e-06  -7.46697327e+02  -7.12983990e+00]
[ -6.66220240e-06  -7.93743408e+02   7.34587336e+00]
[  6.70226200e-06  -7.93743408e+02  -7.34582901e+00]
[ -6.83874214e-06  -8.42191162e+02   7.56117678e+00]
[  6.89382478e-06  -8.42191162e+02  -7.56113052e+00]
[ -7.02922716e-06  -8.92036072e+02   7.77576256e+00]
[  7.09192000e-06  -8.92036072e+02  -7.77571487e+00]
[ -7.20843536e-06  -9.43273315e+02   7.98959923e+00]
[  7.28595842e-06  -9.43273315e+02  -7.98955059e+00]
[ -7.40118367e-06  -9.95898010e+02   8.20265579e+00]
[  7.48762659e-06  -9.95898010e+02  -8.20260525e+00]
[ -7.58228953e-06  -1.04990491e+03   8.41489697e+00]
[  7.68353675e-06  -1.04990491e+03  -8.41484547e+00]
[ -7.77633431e-06  -1.10528857e+03   8.62629032e+00]
[  7.88769285e-06  -1.10528857e+03  -8.62623692e+00]
[ -7.95852611e-06  -1.16204346e+03   8.83679867e+00]
[  8.08480581e-06  -1.16204346e+03  -8.83674431e+00]
[ -8.15308158e-06  -1.22016357e+03   9.04638672e+00]
[  8.29060264e-06  -1.22016357e+03  -9.04633045e+00]
[ -8.33515423e-06  -1.27964294e+03   9.25501537e+00]
[  8.48782202e-06  -1.27964294e+03  -9.25495720e+00]
[ -8.52813719e-06  -1.34047522e+03   9.46264553e+00]
[  8.69311225e-06  -1.34047522e+03  -9.46258640e+00]
[ -8.70832082e-06  -1.40265356e+03   9.66923714e+00]
[  8.88878640e-06  -1.40265356e+03  -9.66917610e+00]
[ -8.89791500e-06  -1.46617139e+03   9.87474728e+00]
[  9.09171922e-06  -1.46617139e+03  -9.87468529e+00]
[ -9.07389676e-06  -1.53102124e+03   1.00791340e+01]
[  9.28361806e-06  -1.53102124e+03  -1.00790710e+01]
[ -9.25735276e-06  -1.59719592e+03   1.02823524e+01]
[  9.48143224e-06  -1.59719592e+03  -1.02822866e+01]
[ -9.42669703e-06  -1.66468750e+03   1.04843540e+01]
[  9.66719017e-06  -1.66468750e+03  -1.04842873e+01]
[ -9.60029683e-06  -1.73348792e+03   1.06850929e+01]
[  9.85615770e-06  -1.73348792e+03  -1.06850243e+01]
[ -9.75960938e-06  -1.80358899e+03   1.08845177e+01]
[  1.00324687e-05  -1.80358899e+03  -1.08844481e+01]
[ -9.91910201e-06  -1.87498181e+03   1.10825777e+01]
[  1.02083495e-05  -1.87498181e+03  -1.10825071e+01]
[ -1.00648795e-05  -1.94765747e+03   1.12792196e+01]
[  1.03717603e-05  -1.94765747e+03  -1.12791471e+01]
[ -1.02049789e-05  -2.02160645e+03   1.14743881e+01]
[  1.05292911e-05  -2.02160645e+03  -1.14743147e+01]
[ -1.03322263e-05  -2.09681909e+03   1.16680260e+01]
[  1.06748803e-05  -2.09681909e+03  -1.16679506e+01]
[ -1.04462097e-05  -2.17328516e+03   1.18600740e+01]
[  1.08073791e-05  -2.17328516e+03  -1.18599968e+01]
[ -1.05490881e-05  -2.25099414e+03   1.20504713e+01]
[  1.09293633e-05  -2.25099414e+03  -1.20503922e+01]
[ -1.06291491e-05  -2.32993506e+03   1.22391529e+01]
[  1.10290648e-05  -2.32993506e+03  -1.22390718e+01]
[ -1.07013238e-05  -2.41009692e+03   1.24260540e+01]
[  1.11211630e-05  -2.41009692e+03  -1.24259720e+01]
[ -1.07378573e-05  -2.49146729e+03   1.26111059e+01]
[  1.11785166e-05  -2.49146729e+03  -1.26110220e+01]
[ -1.07716060e-05  -2.57403442e+03   1.27942381e+01]
[  1.12330508e-05  -2.57403442e+03  -1.27941532e+01]
[ -1.07529131e-05  -2.65778540e+03   1.29753780e+01]
[  1.12364387e-05  -2.65778540e+03  -1.29752903e+01]
[ -1.07389997e-05  -2.74270703e+03   1.31544485e+01]
[  1.12442012e-05  -2.74270703e+03  -1.31543598e+01]
[ -1.06512407e-05  -2.82878564e+03   1.33313713e+01]
[  1.11798545e-05  -2.82878564e+03  -1.33312807e+01]
[ -1.05798254e-05  -2.91600708e+03   1.35060654e+01]
[  1.11310674e-05  -2.91600708e+03  -1.35059729e+01]
[ -1.04062956e-05  -3.00435645e+03   1.36784458e+01]
[  1.09823777e-05  -3.00435645e+03  -1.36783514e+01]
[ -1.02646500e-05  -3.09381836e+03   1.38484249e+01]
[  1.08643453e-05  -3.09381836e+03  -1.38483295e+01]
[ -9.98540600e-06  -3.18437720e+03   1.40159121e+01]
[  1.06114876e-05  -3.18437720e+03  -1.40158148e+01]
[ -9.75961484e-06  -3.27601636e+03   1.41808119e+01]
[  1.04103365e-05  -3.27601636e+03  -1.41807137e+01]
[ -9.35085518e-06  -3.36871851e+03   1.43430290e+01]
[  1.00296184e-05  -3.36871851e+03  -1.43429279e+01]
[ -9.02482134e-06  -3.46246582e+03   1.45024605e+01]
[  9.72926864e-06  -3.46246582e+03  -1.45023584e+01]
[ -8.45814338e-06  -3.55724023e+03   1.46590023e+01]
[  9.19246577e-06  -3.55724023e+03  -1.46588984e+01]
[ -8.01372153e-06  -3.65302246e+03   1.48125458e+01]
[  8.77479852e-06  -3.65302246e+03  -1.48124399e+01]
[ -7.25532936e-06  -3.74979272e+03   1.49629774e+01]
[  8.04827687e-06  -3.74979272e+03  -1.49628696e+01]
[ -6.67248423e-06  -3.84753003e+03   1.51101809e+01]
[  7.49327273e-06  -3.84753003e+03  -1.51100712e+01]
[ -5.68275163e-06  -3.94621338e+03   1.52540340e+01]
[  6.53758389e-06  -3.94621338e+03  -1.52539225e+01]
[ -4.93788184e-06  -4.04582056e+03   1.53944130e+01]
[  5.82165740e-06  -4.04582056e+03  -1.53942995e+01]
[ -3.67004441e-06  -4.14632812e+03   1.55311852e+01]
[  4.59029843e-06  -4.14632812e+03  -1.55310698e+01]
[ -2.73806290e-06  -4.24771289e+03   1.56642170e+01]
[  3.68835617e-06  -4.24771289e+03  -1.56640997e+01]
[ -1.13541228e-06  -4.34994971e+03   1.57933683e+01]
[  2.12482860e-06  -4.34994971e+03  -1.57932491e+01]
[  1.10097531e-08  -4.45301318e+03   1.59184933e+01]
[  1.00951661e-06  -4.45301318e+03  -1.59183712e+01]
[  2.01331500e-06  -4.55687598e+03   1.60394402e+01]
[ -9.50679862e-07  -4.55687598e+03  -1.60393162e+01]
[  3.40277711e-06  -4.66151074e+03   1.61560555e+01]
[ -2.30802948e-06  -4.66151074e+03  -1.61559296e+01]
[  5.88126113e-06  -4.76688916e+03   1.62681751e+01]
[ -4.74107264e-06  -4.76688916e+03  -1.62680473e+01]
[  7.54054008e-06  -4.87298096e+03   1.63756294e+01]
[ -6.36729055e-06  -4.87298096e+03  -1.63754997e+01]
[  1.05809622e-05  -4.97975586e+03   1.64782486e+01]
[ -9.35855769e-06  -4.97975586e+03  -1.64781170e+01]
[  1.25351753e-05  -5.08718115e+03   1.65758476e+01]
[ -1.12788230e-05  -5.08718115e+03  -1.65757141e+01]
[  1.62316555e-05  -5.19522412e+03   1.66682434e+01]
[ -1.49220350e-05  -5.19522412e+03  -1.66681061e+01]
[  1.84963192e-05  -5.30385010e+03   1.67552357e+01]
[ -1.71518714e-05  -5.30385010e+03  -1.67550983e+01]
[  2.29461075e-05  -5.41302295e+03   1.68366280e+01]
[ -2.15439159e-05  -5.41302295e+03  -1.68364868e+01]
[  2.55178675e-05  -5.52270605e+03   1.69122105e+01]
[ -2.40801946e-05  -5.52270605e+03  -1.69120674e+01]
[  3.08112249e-05  -5.63286133e+03   1.69817638e+01]
[ -2.93101311e-05  -5.63286133e+03  -1.69816189e+01]
[  3.36457888e-05  -5.74344775e+03   1.70450649e+01]
[ -3.21127263e-05  -5.74344775e+03  -1.70449162e+01]
[  3.98427219e-05  -5.85442529e+03   1.71018810e+01]
[ -3.82346661e-05  -5.85442529e+03  -1.71017303e+01]
[  4.28238709e-05  -5.96574951e+03   1.71519680e+01]
[ -4.11976107e-05  -5.96574951e+03  -1.71518135e+01]
[  4.98938170e-05  -6.07737695e+03   1.71950779e+01]
[ -4.81690222e-05  -6.07737695e+03  -1.71949234e+01]
[  5.28213932e-05  -6.18926123e+03   1.72309475e+01]
[ -5.10219033e-05  -6.18926123e+03  -1.72307892e+01]
[  6.05094101e-05  -6.30135400e+03   1.72593136e+01]
[ -5.86642855e-05  -6.30135400e+03  -1.72591515e+01]
[  6.31165094e-05  -6.41360596e+03   1.72798805e+01]
[ -6.05956593e-05  -6.41360596e+03  -1.72797184e+01]
[  7.06053543e-05  -6.52596533e+03   1.72923794e+01]
[ -6.90299785e-05  -6.52596533e+03  -1.72922153e+01]
[  1.00897356e-04  -6.63837939e+03   1.72967396e+01]
[ -9.88647735e-05  -6.63837939e+03  -1.72965736e+01]
[  3.70382242e-39  -1.60705336e-38   1.58913738e-34]
[  3.87185772e-39  -2.18319498e-40  -1.58679627e-34]
[  3.02740887e-07  -7.34169424e-01   2.25898847e-01]
[ -1.91258934e-07  -7.34169304e-01  -2.25897670e-01]
[  6.51046435e-07  -2.93659449e+00   4.51772213e-01]
[ -5.19010769e-07  -2.93659449e+00  -4.51769769e-01]
[  9.41110841e-07  -6.60706520e+00   6.77606404e-01]
[ -7.09285700e-07  -6.60706472e+00  -6.77602649e-01]
[  1.17858201e-06  -1.17452669e+01   9.03383315e-01]
[ -1.05050390e-06  -1.17452669e+01  -9.03378189e-01]
[  1.45941624e-06  -1.83507805e+01   1.12908792e+00]
[ -1.25020790e-06  -1.83507805e+01  -1.12908149e+00]
[  1.67542953e-06  -2.64230766e+01   1.35470271e+00]
[ -1.54684813e-06  -2.64230766e+01  -1.35469496e+00]
[  1.93999676e-06  -3.59615211e+01   1.58021200e+00]
[ -1.74602269e-06  -3.59615211e+01  -1.58020294e+00]
[  2.14182637e-06  -4.69653740e+01   1.80559850e+00]
[ -2.00978525e-06  -4.69653740e+01  -1.80558801e+00]
[  2.38924599e-06  -5.94337807e+01   2.03084564e+00]
[ -2.20427228e-06  -5.94337807e+01  -2.03083396e+00]
[  2.57958231e-06  -7.33657837e+01   2.25593615e+00]
[ -2.44488342e-06  -7.33657837e+01  -2.25592303e+00]
[  2.81154189e-06  -8.87603073e+01   2.48085308e+00]
[ -2.63362654e-06  -8.87603073e+01  -2.48083878e+00]
[  2.99356338e-06  -1.05616158e+02   2.70557857e+00]
[ -2.85674128e-06  -1.05616158e+02  -2.70556283e+00]
[  3.21246239e-06  -1.23932045e+02   2.93009520e+00]
[ -3.04031323e-06  -1.23932045e+02  -2.93007827e+00]
[  3.38875793e-06  -1.43706543e+02   3.15438485e+00]
[ -3.25007818e-06  -1.43706543e+02  -3.15436649e+00]
[  3.59725027e-06  -1.64938126e+02   3.37842894e+00]
[ -3.42971725e-06  -1.64938126e+02  -3.37840915e+00]
[  3.76990056e-06  -1.87625137e+02   3.60220909e+00]
[ -3.62955234e-06  -1.87625137e+02  -3.60218811e+00]
[  3.97058830e-06  -2.11765793e+02   3.82570624e+00]
[ -3.80667825e-06  -2.11765793e+02  -3.82568383e+00]
[  4.14119086e-06  -2.37358200e+02   4.04890108e+00]
[ -3.99931787e-06  -2.37358200e+02  -4.04887724e+00]
[  4.33641799e-06  -2.64400299e+02   4.27177334e+00]
[ -4.17529782e-06  -2.64400299e+02  -4.27174854e+00]
[  4.50641755e-06  -2.92889984e+02   4.49430370e+00]
[ -4.36312803e-06  -2.92889984e+02  -4.49427700e+00]
[  4.69827228e-06  -3.22824890e+02   4.71647072e+00]
[ -4.53925486e-06  -3.22824890e+02  -4.71644258e+00]
[  4.86884392e-06  -3.54202667e+02   4.93825340e+00]
[ -4.72423017e-06  -3.54202667e+02  -4.93822384e+00]
[  5.05904427e-06  -3.87020691e+02   5.15962982e+00]
[ -4.90157618e-06  -3.87020691e+02  -5.15959930e+00]
[  5.23105928e-06  -4.21276276e+02   5.38057852e+00]
[ -5.08521271e-06  -4.21276276e+02  -5.38054657e+00]
[  5.42111820e-06  -4.56966522e+02   5.60107613e+00]
[ -5.26476788e-06  -4.56966522e+02  -5.60104275e+00]
[  5.59534647e-06  -4.94088501e+02   5.82109928e+00]
[ -5.44836712e-06  -4.94088501e+02  -5.82106447e+00]
[  5.78630170e-06  -5.32638977e+02   6.04062414e+00]
[ -5.63075082e-06  -5.32638977e+02  -6.04058790e+00]
[  5.96332893e-06  -5.72614685e+02   6.25962591e+00]
[ -5.81534141e-06  -5.72614685e+02  -6.25958824e+00]
[  6.15631097e-06  -6.14012085e+02   6.47807932e+00]
[ -6.00134854e-06  -6.14012085e+02  -6.47804022e+00]
[  6.33633817e-06  -6.56827576e+02   6.69595766e+00]
[ -6.18749254e-06  -6.56827576e+02  -6.69591761e+00]
[  6.53170628e-06  -7.01057312e+02   6.91323519e+00]
[ -6.37722860e-06  -7.01057312e+02  -6.91319323e+00]
[  6.71535417e-06  -7.46697327e+02   7.12988329e+00]
[ -6.56585144e-06  -7.46697327e+02  -7.12983990e+00]
[  6.91329387e-06  -7.93743408e+02   7.34587336e+00]
[ -6.75928595e-06  -7.93743408e+02  -7.34582901e+00]
[  7.09984079e-06  -8.42191162e+02   7.56117678e+00]
[ -6.94993378e-06  -8.42191162e+02  -7.56113052e+00]
[  7.30047668e-06  -8.92036072e+02   7.77576256e+00]
[ -7.14702810e-06  -8.92036072e+02  -7.77571487e+00]
[  7.48990442e-06  -9.43273315e+02   7.98959923e+00]
[ -7.33989827e-06  -9.43273315e+02  -7.98955059e+00]
[  7.69297731e-06  -9.95898010e+02   8.20265579e+00]
[ -7.54027997e-06  -9.95898010e+02  -8.20260525e+00]
[  7.88443413e-06  -1.04990491e+03   8.41489697e+00]
[ -7.73470674e-06  -1.04990491e+03  -8.41484547e+00]
[  8.08877667e-06  -1.10528857e+03   8.62629032e+00]
[ -7.93711388e-06  -1.10528857e+03  -8.62623692e+00]
[  8.28125940e-06  -1.16204346e+03   8.83679867e+00]
[ -8.13225506e-06  -1.16204346e+03  -8.83674431e+00]
[  8.48622858e-06  -1.22016357e+03   9.04638672e+00]
[ -8.33599643e-06  -1.22016357e+03  -9.04633045e+00]
[  8.67882318e-06  -1.27964294e+03   9.25501537e+00]
[ -8.53105848e-06  -1.27964294e+03  -9.25495720e+00]
[  8.88264822e-06  -1.34047522e+03   9.46264553e+00]
[ -8.73431509e-06  -1.34047522e+03  -9.46258640e+00]
[  9.07377762e-06  -1.40265356e+03   9.66923714e+00]
[ -8.92785283e-06  -1.40265356e+03  -9.66917610e+00]
[  9.27438941e-06  -1.46617139e+03   9.87474728e+00]
[ -9.12853466e-06  -1.46617139e+03  -9.87468529e+00]
[  9.46144246e-06  -1.53102124e+03   1.00791340e+01]
[ -9.31804061e-06  -1.53102124e+03  -1.00790710e+01]
[  9.65609343e-06  -1.59719592e+03   1.02823524e+01]
[ -9.51341281e-06  -1.59719592e+03  -1.02822866e+01]
[  9.83662630e-06  -1.66468750e+03   1.04843540e+01]
[ -9.69653956e-06  -1.66468750e+03  -1.04842873e+01]
[  1.00214929e-05  -1.73348792e+03   1.06850929e+01]
[ -9.88278498e-06  -1.73348792e+03  -1.06850243e+01]
[  1.01920223e-05  -1.80358899e+03   1.08845177e+01]
[ -1.00561556e-05  -1.80358899e+03  -1.08844481e+01]
[  1.03625462e-05  -1.87498181e+03   1.10825777e+01]
[ -1.02287504e-05  -1.87498181e+03  -1.10825071e+01]
[  1.05192557e-05  -1.94765747e+03   1.12792196e+01]
[ -1.03886168e-05  -1.94765747e+03  -1.12791471e+01]
[  1.06703992e-05  -2.02160645e+03   1.14743881e+01]
[ -1.05425543e-05  -2.02160645e+03  -1.14743147e+01]
[  1.08087770e-05  -2.09681909e+03   1.16680260e+01]
[ -1.06844873e-05  -2.09681909e+03  -1.16679506e+01]
[  1.09343273e-05  -2.17328516e+03   1.18600740e+01]
[ -1.08136110e-05  -2.17328516e+03  -1.18599968e+01]
[  1.10488527e-05  -2.25099414e+03   1.20504713e+01]
[ -1.09321572e-05  -2.25099414e+03  -1.20503922e+01]
[  1.11405916e-05  -2.32993506e+03   1.22391529e+01]
[ -1.10283063e-05  -2.32993506e+03  -1.22390718e+01]
[  1.12244525e-05  -2.41009692e+03   1.24260540e+01]
[ -1.11167301e-05  -2.41009692e+03  -1.24259720e+01]
[  1.12727839e-05  -2.49146729e+03   1.26111059e+01]
[ -1.11703894e-05  -2.49146729e+03  -1.26110220e+01]
[  1.13182550e-05  -2.57403442e+03   1.27942381e+01]
[ -1.12210382e-05  -2.57403442e+03  -1.27941532e+01]
[  1.13113165e-05  -2.65778540e+03   1.29753780e+01]
[ -1.12204461e-05  -2.65778540e+03  -1.29752903e+01]
[  1.13090291e-05  -2.74270703e+03   1.31544485e+01]
[ -1.12239995e-05  -2.74270703e+03  -1.31543598e+01]
[  1.12326907e-05  -2.82878564e+03   1.33313713e+01]
[ -1.11551344e-05  -2.82878564e+03  -1.33312807e+01]
[  1.11725076e-05  -2.91600708e+03   1.35060654e+01]
[ -1.11015452e-05  -2.91600708e+03  -1.35059729e+01]
[  1.10103983e-05  -3.00435645e+03   1.36784458e+01]
[ -1.09481407e-05  -3.00435645e+03  -1.36783514e+01]
[  1.08801669e-05  -3.09381836e+03   1.38484249e+01]
[ -1.08252998e-05  -3.09381836e+03  -1.38483295e+01]
[  1.06124016e-05  -3.18437720e+03   1.40159121e+01]
[ -1.05676163e-05  -3.18437720e+03  -1.40158148e+01]
[  1.03980228e-05  -3.27601636e+03   1.41808119e+01]
[ -1.03614930e-05  -3.27601636e+03  -1.41807137e+01]
[  1.00006700e-05  -3.36871851e+03   1.43430290e+01]
[ -9.97572351e-06  -3.36871851e+03  -1.43429279e+01]
[  9.68605218e-06  -3.46246582e+03   1.45024605e+01]
[ -9.67026062e-06  -3.46246582e+03  -1.45023584e+01]
[  9.13078657e-06  -3.55724023e+03   1.46590023e+01]
[ -9.12827818e-06  -3.55724023e+03  -1.46588984e+01]
[  8.69783162e-06  -3.65302246e+03   1.48125458e+01]
[ -8.70543226e-06  -3.65302246e+03  -1.48124399e+01]
[  7.95084179e-06  -3.74979272e+03   1.49629774e+01]
[ -7.97361736e-06  -3.74979272e+03  -1.49628696e+01]
[  7.37928985e-06  -3.84753003e+03   1.51101809e+01]
[ -7.41315489e-06  -3.84753003e+03  -1.51100712e+01]
[  6.40071175e-06  -3.94621338e+03   1.52540340e+01]
[ -6.45183354e-06  -3.94621338e+03  -1.52539225e+01]
[  5.66667768e-06  -4.04582056e+03   1.53944130e+01]
[ -5.72991485e-06  -4.04582056e+03  -1.53942995e+01]
[  4.40945450e-06  -4.14632812e+03   1.55311852e+01]
[ -4.49230538e-06  -4.14632812e+03  -1.55310698e+01]
[  3.48823596e-06  -4.24771289e+03   1.56642170e+01]
[ -3.58423063e-06  -4.24771289e+03  -1.56640997e+01]
[  1.89635466e-06  -4.34994971e+03   1.57933683e+01]
[ -2.01454304e-06  -4.34994971e+03  -1.57932491e+01]
[  7.60705007e-07  -4.45301318e+03   1.59184933e+01]
[ -8.93057518e-07  -4.45301318e+03  -1.59183712e+01]
[ -1.23091615e-06  -4.55687598e+03   1.60394402e+01]
[  1.07343317e-06  -4.55687598e+03  -1.60393162e+01]
[ -2.60977390e-06  -4.66151074e+03   1.61560555e+01]
[  2.43716636e-06  -4.66151074e+03  -1.61559296e+01]
[ -5.07764162e-06  -4.76688916e+03   1.62681751e+01]
[  4.87660691e-06  -4.76688916e+03  -1.62680473e+01]
[ -6.72636997e-06  -4.87298096e+03   1.63756294e+01]
[  6.50928996e-06  -4.87298096e+03  -1.63754997e+01]
[ -9.75617240e-06  -4.97975586e+03   1.64782486e+01]
[  9.50696176e-06  -4.97975586e+03  -1.64781170e+01]
[ -1.16998881e-05  -5.08718115e+03   1.65758476e+01]
[  1.14337518e-05  -5.08718115e+03  -1.65757141e+01]
[ -1.53860310e-05  -5.19522412e+03   1.66682434e+01]
[  1.50836631e-05  -5.19522412e+03  -1.66681061e+01]
[ -1.76405356e-05  -5.30385010e+03   1.67552357e+01]
[  1.73203662e-05  -5.30385010e+03  -1.67550983e+01]
[ -2.20807578e-05  -5.41302295e+03   1.68366280e+01]
[  2.17198649e-05  -5.41302295e+03  -1.68364868e+01]
[ -2.46433192e-05  -5.52270605e+03   1.69122105e+01]
[  2.42639544e-05  -5.52270605e+03  -1.69120674e+01]
[ -2.99272288e-05  -5.63286133e+03   1.69817638e+01]
[  2.95014597e-05  -5.63286133e+03  -1.69816189e+01]
[ -3.27524140e-05  -5.74344775e+03   1.70450649e+01]
[  3.23116801e-05  -5.74344775e+03  -1.70449162e+01]
[ -3.89398992e-05  -5.85442529e+03   1.71018810e+01]
[  3.84411796e-05  -5.85442529e+03  -1.71017303e+01]
[ -4.19118805e-05  -5.96574951e+03   1.71519680e+01]
[  4.14119422e-05  -5.96574951e+03  -1.71518135e+01]
[ -4.89732338e-05  -6.07737695e+03   1.71950779e+01]
[  4.83917538e-05  -6.07737695e+03  -1.71949234e+01]
[ -5.18922825e-05  -6.18926123e+03   1.72309475e+01]
[  5.12530823e-05  -6.18926123e+03  -1.72307892e+01]
[ -5.95720630e-05  -6.30135400e+03   1.72593136e+01]
[  5.89042174e-05  -6.30135400e+03  -1.72591515e+01]
[ -6.21710788e-05  -6.41360596e+03   1.72798805e+01]
[  6.08444643e-05  -6.41360596e+03  -1.72797184e+01]
[ -6.96516727e-05  -6.52596533e+03   1.72923794e+01]
[  6.92875037e-05  -6.52596533e+03  -1.72922153e+01]
[ -9.99350887e-05  -6.63837939e+03   1.72967396e+01]
[  9.91306879e-05  -6.63837939e+03  -1.72965736e+01]
[  1.64330341e-38  -1.44015927e-38   1.58916975e-34]
[  1.64204785e-38   2.22833641e-39  -1.58668055e-34]
[  8.40868381e-07  -7.34166622e-01   2.25897938e-01]
[ -5.34554829e-07  -7.34166503e-01  -2.25896806e-01]
[  1.85069177e-06  -2.93658805e+00   4.51772064e-01]
[ -1.26842792e-06  -2.93658805e+00  -4.51769501e-01]
[  2.50398921e-06  -6.60705566e+00   6.77605808e-01]
[ -2.00595014e-06  -6.60705566e+00  -6.77601993e-01]
[  3.29792124e-06  -1.17452545e+01   9.03383017e-01]
[ -2.72500870e-06  -1.17452545e+01  -9.03377891e-01]
[  3.90929017e-06  -1.83507652e+01   1.12908733e+00]
[ -3.43180432e-06  -1.83507652e+01  -1.12908089e+00]
[  4.61549143e-06  -2.64230595e+01   1.35470235e+00]
[ -4.07338212e-06  -2.64230595e+01  -1.35469460e+00]
[  5.19876039e-06  -3.59615021e+01   1.58021152e+00]
[ -4.72935744e-06  -3.59615021e+01  -1.58020246e+00]
[  5.83987321e-06  -4.69653511e+01   1.80559814e+00]
[ -5.31397563e-06  -4.69653511e+01  -1.80558777e+00]
[  6.39335576e-06  -5.94337578e+01   2.03084517e+00]
[ -5.92666811e-06  -5.94337578e+01  -2.03083348e+00]
[  6.98335907e-06  -7.33657532e+01   2.25593591e+00]
[ -6.47078286e-06  -7.33657532e+01  -2.25592279e+00]
[  7.51080825e-06  -8.87602768e+01   2.48085260e+00]
[ -7.04727381e-06  -8.87602768e+01  -2.48083830e+00]
[  8.06185653e-06  -1.05616127e+02   2.70557833e+00]
[ -7.56151030e-06  -1.05616127e+02  -2.70556259e+00]
[  8.56864608e-06  -1.23932014e+02   2.93009496e+00]
[ -8.10889105e-06  -1.23932014e+02  -2.93007779e+00]
[  9.09053415e-06  -1.43706512e+02   3.15438437e+00]
[ -8.60136788e-06  -1.43706512e+02  -3.15436602e+00]
[  9.58213150e-06  -1.64938095e+02   3.37842870e+00]
[ -9.12660926e-06  -1.64938095e+02  -3.37840891e+00]
[  1.00827920e-05  -1.87625092e+02   3.60220885e+00]
[ -9.60392299e-06  -1.87625092e+02  -3.60218787e+00]
[  1.05643267e-05  -2.11765747e+02   3.82570601e+00]
[ -1.01134456e-05  -2.11765747e+02  -3.82568359e+00]
[  1.10502842e-05  -2.37358154e+02   4.04890060e+00]
[ -1.05810386e-05  -2.37358154e+02  -4.04887676e+00]
[  1.15263683e-05  -2.64400269e+02   4.27177334e+00]
[ -1.10805240e-05  -2.64400269e+02  -4.27174807e+00]
[  1.20030791e-05  -2.92889923e+02   4.49430323e+00]
[ -1.15429693e-05  -2.92889923e+02  -4.49427700e+00]
[  1.24778271e-05  -3.22824860e+02   4.71647024e+00]
[ -1.20374207e-05  -3.22824860e+02  -4.71644258e+00]
[  1.29496921e-05  -3.54202606e+02   4.93825293e+00]
[ -1.24984126e-05  -3.54202606e+02  -4.93822384e+00]
[  1.34266465e-05  -3.87020630e+02   5.15962982e+00]
[ -1.29921118e-05  -3.87020630e+02  -5.15959883e+00]
[  1.38973828e-05  -4.21276215e+02   5.38057804e+00]
[ -1.34547945e-05  -4.21276215e+02  -5.38054609e+00]
[  1.43794459e-05  -4.56966461e+02   5.60107565e+00]
[ -1.39512558e-05  -4.56966461e+02  -5.60104227e+00]
[  1.48518920e-05  -4.94088440e+02   5.82109880e+00]
[ -1.44180103e-05  -4.94088440e+02  -5.82106447e+00]
[  1.53415222e-05  -5.32638916e+02   6.04062366e+00]
[ -1.49202015e-05  -5.32638916e+02  -6.04058790e+00]
[  1.58178063e-05  -5.72614624e+02   6.25962543e+00]
[ -1.53927958e-05  -5.72614624e+02  -6.25958824e+00]
[  1.63167533e-05  -6.14012024e+02   6.47807884e+00]
[ -1.59028987e-05  -6.14012024e+02  -6.47803974e+00]
[  1.67983526e-05  -6.56827515e+02   6.69595766e+00]
[ -1.63825371e-05  -6.56827515e+02  -6.69591713e+00]
[  1.73079443e-05  -7.01057251e+02   6.91323471e+00]
[ -1.69022333e-05  -7.01057251e+02  -6.91319323e+00]
[  1.77955972e-05  -7.46697266e+02   7.12988281e+00]
[ -1.73894350e-05  -7.46697266e+02  -7.12983942e+00]
[  1.83163211e-05  -7.93743347e+02   7.34587288e+00]
[ -1.79195267e-05  -7.93743347e+02  -7.34582853e+00]
[  1.88095401e-05  -8.42191101e+02   7.56117630e+00]
[ -1.84136425e-05  -8.42191101e+02  -7.56113052e+00]
[  1.93412070e-05  -8.92036011e+02   7.77576208e+00]
[ -1.89542097e-05  -8.92036011e+02  -7.77571440e+00]
[  1.98398775e-05  -9.43273254e+02   7.98959923e+00]
[ -1.94550103e-05  -9.43273254e+02  -7.98955011e+00]
[  2.03818054e-05  -9.95897888e+02   8.20265484e+00]
[ -2.00055983e-05  -9.95897888e+02  -8.20260525e+00]
[  2.08836700e-05  -1.04990479e+03   8.41489697e+00]
[ -2.05107535e-05  -1.04990479e+03  -8.41484547e+00]
[  2.14340798e-05  -1.10528845e+03   8.62628937e+00]
[ -2.10697890e-05  -1.10528845e+03  -8.62623692e+00]
[  2.19363355e-05  -1.16204333e+03   8.83679867e+00]
[ -2.15764412e-05  -1.16204333e+03  -8.83674335e+00]
[  2.24930045e-05  -1.22016357e+03   9.04638577e+00]
[ -2.21418759e-05  -1.22016357e+03  -9.04632950e+00]
[  2.29923353e-05  -1.27964294e+03   9.25501442e+00]
[ -2.26467037e-05  -1.27964294e+03  -9.25495720e+00]
[  2.35516618e-05  -1.34047510e+03   9.46264458e+00]
[ -2.32150960e-05  -1.34047510e+03  -9.46258640e+00]
[  2.40430927e-05  -1.40265356e+03   9.66923618e+00]
[ -2.37131189e-05  -1.40265356e+03  -9.66917610e+00]
[  2.46003965e-05  -1.46617126e+03   9.87474728e+00]
[ -2.42799397e-05  -1.46617126e+03  -9.87468529e+00]
[  2.50772355e-05  -1.53102112e+03   1.00791340e+01]
[ -2.47644984e-05  -1.53102112e+03  -1.00790701e+01]
[  2.56263320e-05  -1.59719580e+03   1.02823515e+01]
[ -2.53236994e-05  -1.59719580e+03  -1.02822866e+01]
[  2.60807446e-05  -1.66468738e+03   1.04843540e+01]
[ -2.57870106e-05  -1.66468738e+03  -1.04842873e+01]
[  2.66139086e-05  -1.73348792e+03   1.06850920e+01]
[ -2.63310085e-05  -1.73348792e+03  -1.06850243e+01]
[  2.70355176e-05  -1.80358887e+03   1.08845177e+01]
[ -2.67627493e-05  -1.80358887e+03  -1.08844481e+01]
[  2.75427537e-05  -1.87498169e+03   1.10825777e+01]
[ -2.72816869e-05  -1.87498169e+03  -1.10825071e+01]
[  2.79198557e-05  -1.94765735e+03   1.12792196e+01]
[ -2.76702376e-05  -1.94765735e+03  -1.12791471e+01]
[  2.83897407e-05  -2.02160632e+03   1.14743881e+01]
[ -2.81528119e-05  -2.02160632e+03  -1.14743137e+01]
[  2.87078710e-05  -2.09681885e+03   1.16680260e+01]
[ -2.84837897e-05  -2.09681885e+03  -1.16679506e+01]
[  2.91261695e-05  -2.17328491e+03   1.18600740e+01]
[ -2.89158870e-05  -2.17328491e+03  -1.18599968e+01]
[  2.93676003e-05  -2.25099390e+03   1.20504704e+01]
[ -2.91716860e-05  -2.25099390e+03  -1.20503922e+01]
[  2.97170263e-05  -2.32993506e+03   1.22391529e+01]
[ -2.95361569e-05  -2.32993506e+03  -1.22390718e+01]
[  2.98609975e-05  -2.41009668e+03   1.24260540e+01]
[ -2.96961243e-05  -2.41009668e+03  -1.24259720e+01]
[  3.01205764e-05  -2.49146729e+03   1.26111059e+01]
[ -2.99721069e-05  -2.49146729e+03  -1.26110220e+01]
[  3.01421769e-05  -2.57403418e+03   1.27942381e+01]
[ -3.00114989e-05  -2.57403418e+03  -1.27941532e+01]
[  3.02865992e-05  -2.65778516e+03   1.29753780e+01]
[ -3.01738219e-05  -2.65778516e+03  -1.29752903e+01]
[  3.01562377e-05  -2.74270703e+03   1.31544485e+01]
[ -3.00632146e-05  -2.74270703e+03  -1.31543598e+01]
[  3.01560467e-05  -2.82878564e+03   1.33313713e+01]
[ -3.00825468e-05  -2.82878564e+03  -1.33312807e+01]
[  2.98391096e-05  -2.91600684e+03   1.35060654e+01]
[ -2.97874958e-05  -2.91600684e+03  -1.35059738e+01]
[  2.96591770e-05  -3.00435620e+03   1.36784458e+01]
[ -2.96288508e-05  -3.00435620e+03  -1.36783524e+01]
[  2.91149736e-05  -3.09381836e+03   1.38484249e+01]
[ -2.91088691e-05  -3.09381836e+03  -1.38483295e+01]
[  2.87132734e-05  -3.18437720e+03   1.40159121e+01]
[ -2.87303392e-05  -3.18437720e+03  -1.40158148e+01]
[  2.78934494e-05  -3.27601611e+03   1.41808128e+01]
[ -2.79372871e-05  -3.27601611e+03  -1.41807137e+01]
[  2.72203160e-05  -3.36871826e+03   1.43430300e+01]
[ -2.72893540e-05  -3.36871826e+03  -1.43429289e+01]
[  2.60688685e-05  -3.46246582e+03   1.45024614e+01]
[ -2.61674795e-05  -3.46246582e+03  -1.45023584e+01]
[  2.50661105e-05  -3.55724023e+03   1.46590033e+01]
[ -2.51920774e-05  -3.55724023e+03  -1.46588993e+01]
[  2.35173211e-05  -3.65302246e+03   1.48125467e+01]
[ -2.36759461e-05  -3.65302246e+03  -1.48124409e+01]
[  2.21159553e-05  -3.74979248e+03   1.49629784e+01]
[ -2.23042243e-05  -3.74979248e+03  -1.49628706e+01]
[  2.00934901e-05  -3.84753003e+03   1.51101818e+01]
[ -2.03177915e-05  -3.84753003e+03  -1.51100721e+01]
[  1.82127751e-05  -3.94621338e+03   1.52540359e+01]
[ -1.84691471e-05  -3.94621338e+03  -1.52539244e+01]
[  1.56267124e-05  -4.04582056e+03   1.53944139e+01]
[ -1.59228348e-05  -4.04582056e+03  -1.53943005e+01]
[  1.31713959e-05  -4.14632812e+03   1.55311871e+01]
[ -1.35021601e-05  -4.14632812e+03  -1.55310717e+01]
[  9.91842990e-06  -4.24771289e+03   1.56642199e+01]
[ -1.02930453e-05  -4.24771289e+03  -1.56641016e+01]
[  6.77828530e-06  -4.34994971e+03   1.57933702e+01]
[ -7.19020545e-06  -4.34994971e+03  -1.57932510e+01]
[  2.73741307e-06  -4.45301318e+03   1.59184952e+01]
[ -3.19763308e-06  -4.45301318e+03  -1.59183741e+01]
[ -1.21818516e-06  -4.55687598e+03   1.60394440e+01]
[  7.17897649e-07  -4.55687598e+03  -1.60393200e+01]
[ -6.18767126e-06  -4.66151074e+03   1.61560574e+01]
[  5.63408639e-06  -4.66151074e+03  -1.61559334e+01]
[ -1.11074514e-05  -4.76688916e+03   1.62681770e+01]
[  1.05109539e-05  -4.76688916e+03  -1.62680492e+01]
[ -1.71680022e-05  -4.87298096e+03   1.63756332e+01]
[  1.65126858e-05  -4.87298096e+03  -1.63755035e+01]
[ -2.32249240e-05  -4.97975586e+03   1.64782524e+01]
[  2.25237745e-05  -4.97975586e+03  -1.64781208e+01]
[ -3.05630965e-05  -5.08718115e+03   1.65758533e+01]
[  2.97969818e-05  -5.08718115e+03  -1.65757179e+01]
[ -3.79555531e-05  -5.19522412e+03   1.66682472e+01]
[  3.71406641e-05  -5.19522412e+03  -1.66681118e+01]
[ -4.67872524e-05  -5.30385010e+03   1.67552414e+01]
[  4.59005823e-05  -5.30385010e+03  -1.67551022e+01]
[ -5.57376734e-05  -5.41302344e+03   1.68366356e+01]
[  5.47990930e-05  -5.41302344e+03  -1.68364944e+01]
[ -6.63100800e-05  -5.52270654e+03   1.69122162e+01]
[  6.52924355e-05  -5.52270654e+03  -1.69120731e+01]
[ -7.70585320e-05  -5.63286133e+03   1.69817715e+01]
[  7.59861941e-05  -5.63286133e+03  -1.69816265e+01]
[ -8.96547645e-05  -5.74344824e+03   1.70450726e+01]
[  8.84977562e-05  -5.74344824e+03  -1.70449238e+01]
[ -1.02445432e-04  -5.85442529e+03   1.71018906e+01]
[  1.01233156e-04  -5.85442529e+03  -1.71017399e+01]
[ -1.17395233e-04  -5.96575000e+03   1.71519756e+01]
[  1.16093674e-04  -5.96575000e+03  -1.71518230e+01]
[ -1.32453817e-04  -6.07737744e+03   1.71950893e+01]
[  1.31079680e-04  -6.07737744e+03  -1.71949329e+01]
[ -1.50183041e-04  -6.18926172e+03   1.72309570e+01]
[  1.48625884e-04  -6.18926172e+03  -1.72307987e+01]
[ -1.67718477e-04  -6.30135449e+03   1.72593231e+01]
[  1.65918522e-04  -6.30135449e+03  -1.72591629e+01]
[ -1.88919803e-04  -6.41360645e+03   1.72798939e+01]
[  1.86527133e-04  -6.41360645e+03  -1.72797298e+01]
[ -2.08431797e-04  -6.52596582e+03   1.72923908e+01]
[  2.05993420e-04  -6.52596582e+03  -1.72922249e+01]
[ -2.01028728e-04  -6.63838037e+03   1.72967548e+01]
[  2.00485665e-04  -6.63838037e+03  -1.72965870e+01]
[  1.54346230e-38   5.60732243e-39   7.94655361e-35]
[  1.52519483e-38   1.42816178e-38  -7.93185993e-35]
[  1.40790144e-06  -7.34161496e-01   2.25896597e-01]
[ -6.38091763e-07  -7.34161377e-01  -2.25895107e-01]
[  2.49955929e-06  -2.93657708e+00   4.51771736e-01]
[ -1.68616430e-06  -2.93657708e+00  -4.51769173e-01]
[  3.46413208e-06  -6.60703993e+00   6.77604675e-01]
[ -2.54848010e-06  -6.60703993e+00  -6.77600801e-01]
[  4.35644506e-06  -1.17452345e+01   9.03382540e-01]
[ -3.53075461e-06  -1.17452345e+01  -9.03377414e-01]
[  5.22428991e-06  -1.83507404e+01   1.12908649e+00]
[ -4.34496906e-06  -1.83507404e+01  -1.12908006e+00]
[  6.01868578e-06  -2.64230289e+01   1.35470188e+00]
[ -5.22766868e-06  -2.64230289e+01  -1.35469413e+00]
[  6.82606105e-06  -3.59614677e+01   1.58021080e+00]
[ -5.97874441e-06  -3.59614677e+01  -1.58020175e+00]
[  7.55315250e-06  -4.69653130e+01   1.80559754e+00]
[ -6.77965818e-06  -4.69653130e+01  -1.80558717e+00]
[  8.30475892e-06  -5.94337158e+01   2.03084469e+00]
[ -7.48474486e-06  -5.94337158e+01  -2.03083277e+00]
[  8.98116014e-06  -7.33657074e+01   2.25593543e+00]
[ -8.22318998e-06  -7.33657074e+01  -2.25592232e+00]
[  9.68682161e-06  -8.87602234e+01   2.48085213e+00]
[ -8.89299463e-06  -8.87602234e+01  -2.48083782e+00]
[  1.03253415e-05  -1.05616074e+02   2.70557785e+00]
[ -9.58402416e-06  -1.05616074e+02  -2.70556211e+00]
[  1.09955063e-05  -1.23931953e+02   2.93009424e+00]
[ -1.02270678e-05  -1.23931953e+02  -2.93007731e+00]
[  1.16064375e-05  -1.43706451e+02   3.15438390e+00]
[ -1.08827981e-05  -1.43706451e+02  -3.15436554e+00]
[  1.22504352e-05  -1.64938034e+02   3.37842822e+00]
[ -1.15068215e-05  -1.64938034e+02  -3.37840843e+00]
[  1.28421361e-05  -1.87625031e+02   3.60220838e+00]
[ -1.21371222e-05  -1.87625031e+02  -3.60218716e+00]
[  1.34681313e-05  -2.11765686e+02   3.82570553e+00]
[ -1.27490785e-05  -2.11765686e+02  -3.82568312e+00]
[  1.40475240e-05  -2.37358078e+02   4.04890013e+00]
[ -1.33621279e-05  -2.37358078e+02  -4.04887629e+00]
[  1.46626198e-05  -2.64400177e+02   4.27177286e+00]
[ -1.39681460e-05  -2.64400177e+02  -4.27174759e+00]
[  1.52354405e-05  -2.92889832e+02   4.49430275e+00]
[ -1.45707218e-05  -2.92889832e+02  -4.49427652e+00]
[  1.58457460e-05  -3.22824768e+02   4.71646976e+00]
[ -1.51761342e-05  -3.22824768e+02  -4.71644211e+00]
[  1.64167759e-05  -3.54202515e+02   4.93825245e+00]
[ -1.57738941e-05  -3.54202515e+02  -4.93822336e+00]
[  1.70275925e-05  -3.87020538e+02   5.15962934e+00]
[ -1.63833956e-05  -3.87020538e+02  -5.15959835e+00]
[  1.76005287e-05  -4.21276123e+02   5.38057756e+00]
[ -1.69807718e-05  -4.21276123e+02  -5.38054562e+00]
[  1.82162457e-05  -4.56966370e+02   5.60107517e+00]
[ -1.75982568e-05  -4.56966370e+02  -5.60104179e+00]
[  1.87941478e-05  -4.94088348e+02   5.82109833e+00]
[ -1.81989308e-05  -4.94088348e+02  -5.82106400e+00]
[  1.94182740e-05  -5.32638794e+02   6.04062319e+00]
[ -1.88275426e-05  -5.32638794e+02  -6.04058743e+00]
[  2.00032810e-05  -5.72614502e+02   6.25962496e+00]
[ -1.94341683e-05  -5.72614502e+02  -6.25958776e+00]
[  2.06387704e-05  -6.14011902e+02   6.47807837e+00]
[ -2.00765862e-05  -6.14011902e+02  -6.47803926e+00]
[  2.12322175e-05  -6.56827393e+02   6.69595718e+00]
[ -2.06909717e-05  -6.56827393e+02  -6.69591665e+00]
[  2.18810092e-05  -7.01057129e+02   6.91323423e+00]
[ -2.13489220e-05  -7.01057129e+02  -6.91319227e+00]
[  2.24834130e-05  -7.46697144e+02   7.12988234e+00]
[ -2.19719623e-05  -7.46697144e+02  -7.12983894e+00]
[  2.31467166e-05  -7.93743225e+02   7.34587240e+00]
[ -2.26465436e-05  -7.93743225e+02  -7.34582806e+00]
[  2.37572604e-05  -8.42190979e+02   7.56117582e+00]
[ -2.32777820e-05  -8.42190979e+02  -7.56112957e+00]
[  2.44356233e-05  -8.92035828e+02   7.77576160e+00]
[ -2.39694309e-05  -8.92035828e+02  -7.77571392e+00]
[  2.50532576e-05  -9.43273132e+02   7.98959827e+00]
[ -2.46081199e-05  -9.43273132e+02  -7.98954964e+00]
[  2.57463362e-05  -9.95897766e+02   8.20265484e+00]
[ -2.53164781e-05  -9.95897766e+02  -8.20260429e+00]
[  2.63681031e-05  -1.04990466e+03   8.41489601e+00]
[ -2.59599747e-05  -1.04990466e+03  -8.41484451e+00]
[  2.70741548e-05  -1.10528833e+03   8.62628937e+00]
[ -2.66832831e-05  -1.10528833e+03  -8.62623596e+00]
[  2.76967530e-05  -1.16204321e+03   8.83679771e+00]
[ -2.73285168e-05  -1.16204321e+03  -8.83674335e+00]
[  2.84133312e-05  -1.22016333e+03   9.04638577e+00]
[ -2.80643835e-05  -1.22016333e+03  -9.04632950e+00]
[  2.90312091e-05  -1.27964270e+03   9.25501442e+00]
[ -2.87060629e-05  -1.27964270e+03  -9.25495625e+00]
[  2.97549668e-05  -1.34047498e+03   9.46264458e+00]
[ -2.94511919e-05  -1.34047498e+03  -9.46258545e+00]
[  3.03616616e-05  -1.40265332e+03   9.66923618e+00]
[ -3.00830870e-05  -1.40265332e+03  -9.66917515e+00]
[  3.10874748e-05  -1.46617114e+03   9.87474728e+00]
[ -3.08324670e-05  -1.46617114e+03  -9.87468529e+00]
[  3.16742626e-05  -1.53102100e+03   1.00791330e+01]
[ -3.14460776e-05  -1.53102100e+03  -1.00790701e+01]
[  3.23956847e-05  -1.59719568e+03   1.02823515e+01]
[ -3.21933876e-05  -1.59719568e+03  -1.02822857e+01]
[  3.29515678e-05  -1.66468726e+03   1.04843531e+01]
[ -3.27779453e-05  -1.66468726e+03  -1.04842863e+01]
[  3.36603844e-05  -1.73348767e+03   1.06850920e+01]
[ -3.35151162e-05  -1.73348767e+03  -1.06850243e+01]
[  3.41718842e-05  -1.80358875e+03   1.08845167e+01]
[ -3.40574006e-05  -1.80358875e+03  -1.08844471e+01]
[  3.48573085e-05  -1.87498157e+03   1.10825777e+01]
[ -3.47738096e-05  -1.87498157e+03  -1.10825062e+01]
[  3.53080904e-05  -1.94765710e+03   1.12792196e+01]
[ -3.52577044e-05  -1.94765710e+03  -1.12791471e+01]
[  3.59577753e-05  -2.02160608e+03   1.14743881e+01]
[ -3.59411824e-05  -2.02160608e+03  -1.14743137e+01]
[  3.63283179e-05  -2.09681860e+03   1.16680260e+01]
[ -3.63474028e-05  -2.09681860e+03  -1.16679497e+01]
[  3.69264526e-05  -2.17328491e+03   1.18600740e+01]
[ -3.69823792e-05  -2.17328491e+03  -1.18599968e+01]
[  3.71927090e-05  -2.25099390e+03   1.20504704e+01]
[ -3.72871327e-05  -2.25099390e+03  -1.20503912e+01]
[  3.77207980e-05  -2.32993481e+03   1.22391520e+01]
[ -3.78553341e-05  -2.32993481e+03  -1.22390718e+01]
[  3.78543991e-05  -2.41009644e+03   1.24260530e+01]
[ -3.80304991e-05  -2.41009644e+03  -1.24259710e+01]
[  3.82899598e-05  -2.49146704e+03   1.26111059e+01]
[ -3.85097082e-05  -2.49146704e+03  -1.26110220e+01]
[  3.82567305e-05  -2.57403418e+03   1.27942381e+01]
[ -3.85213716e-05  -2.57403418e+03  -1.27941523e+01]
[  3.85727290e-05  -2.65778516e+03   1.29753780e+01]
[ -3.88849076e-05  -2.65778516e+03  -1.29752903e+01]
[  3.83316074e-05  -2.74270679e+03   1.31544485e+01]
[ -3.86922802e-05  -2.74270679e+03  -1.31543598e+01]
[  3.84971463e-05  -2.82878540e+03   1.33313713e+01]
[ -3.89095185e-05  -2.82878540e+03  -1.33312817e+01]
[  3.80004676e-05  -2.91600659e+03   1.35060654e+01]
[ -3.84652303e-05  -2.91600659e+03  -1.35059738e+01]
[  3.79779012e-05  -3.00435596e+03   1.36784458e+01]
[ -3.84989144e-05  -3.00435596e+03  -1.36783524e+01]
[  3.71681272e-05  -3.09381812e+03   1.38484259e+01]
[ -3.77457400e-05  -3.09381812e+03  -1.38483295e+01]
[  3.69134468e-05  -3.18437695e+03   1.40159130e+01]
[ -3.75522213e-05  -3.18437695e+03  -1.40158157e+01]
[  3.57225181e-05  -3.27601587e+03   1.41808138e+01]
[ -3.64224070e-05  -3.27601587e+03  -1.41807146e+01]
[  3.51840972e-05  -3.36871802e+03   1.43430309e+01]
[ -3.59504993e-05  -3.36871802e+03  -1.43429298e+01]
[  3.35323093e-05  -3.46246558e+03   1.45024624e+01]
[ -3.43646498e-05  -3.46246558e+03  -1.45023603e+01]
[  3.26504924e-05  -3.55723999e+03   1.46590042e+01]
[ -3.35551813e-05  -3.55723999e+03  -1.46589003e+01]
[  3.04426867e-05  -3.65302222e+03   1.48125477e+01]
[ -3.14185199e-05  -3.65302222e+03  -1.48124418e+01]
[  2.91468186e-05  -3.74979248e+03   1.49629803e+01]
[ -3.02013141e-05  -3.74979248e+03  -1.49628725e+01]
[  2.62707126e-05  -3.84752979e+03   1.51101837e+01]
[ -2.74018948e-05  -3.84752979e+03  -1.51100740e+01]
[  2.44790426e-05  -3.94621313e+03   1.52540379e+01]
[ -2.56957792e-05  -3.94621313e+03  -1.52539263e+01]
[  2.08022338e-05  -4.04582031e+03   1.53944168e+01]
[ -2.21015725e-05  -4.04582031e+03  -1.53943033e+01]
[  1.84203400e-05  -4.14632812e+03   1.55311899e+01]
[ -1.98127545e-05  -4.14632812e+03  -1.55310745e+01]
[  1.37850284e-05  -4.24771289e+03   1.56642227e+01]
[ -1.52664252e-05  -4.24771289e+03  -1.56641054e+01]
[  1.07012802e-05  -4.34994971e+03   1.57933741e+01]
[ -1.22838592e-05  -4.34994971e+03  -1.57932549e+01]
[  4.92213712e-06  -4.45301270e+03   1.59184999e+01]
[ -6.60030901e-06  -4.45301270e+03  -1.59183779e+01]
[  1.00821831e-06  -4.55687598e+03   1.60394478e+01]
[ -2.79647952e-06  -4.55687598e+03  -1.60393238e+01]
[ -6.13778457e-06  -4.66151074e+03   1.61560631e+01]
[  4.24677728e-06  -4.66151074e+03  -1.61559372e+01]
[ -1.10327846e-05  -4.76688916e+03   1.62681828e+01]
[  9.02201737e-06  -4.76688916e+03  -1.62680550e+01]
[ -1.98111356e-05  -4.87298145e+03   1.63756409e+01]
[  1.76901503e-05  -4.87298145e+03  -1.63755112e+01]
[ -2.58621858e-05  -4.97975586e+03   1.64782600e+01]
[  2.36106953e-05  -4.97975586e+03  -1.64781265e+01]
[ -3.65986343e-05  -5.08718164e+03   1.65758610e+01]
[  3.42291314e-05  -5.08718164e+03  -1.65757275e+01]
[ -4.40123440e-05  -5.19522461e+03   1.66682549e+01]
[  4.15005015e-05  -5.19522461e+03  -1.66681194e+01]
[ -5.71092496e-05  -5.30385059e+03   1.67552509e+01]
[  5.44713330e-05  -5.30385059e+03  -1.67551136e+01]
[ -6.61299928e-05  -5.41302344e+03   1.68366432e+01]
[  6.33366217e-05  -5.41302344e+03  -1.68365040e+01]
[ -8.20906353e-05  -5.52270703e+03   1.69122295e+01]
[  7.91627972e-05  -5.52270703e+03  -1.69120846e+01]
[ -9.30232709e-05  -5.63286230e+03   1.69817810e+01]
[  8.99270162e-05  -5.63286230e+03  -1.69816360e+01]
[ -1.12494970e-04  -5.74344873e+03   1.70450878e+01]
[  1.09254674e-04  -5.74344873e+03  -1.70449390e+01]
[ -1.25711347e-04  -5.85442627e+03   1.71019020e+01]
[  1.22299913e-04  -5.85442627e+03  -1.71017513e+01]
[ -1.49590996e-04  -5.96575098e+03   1.71519966e+01]
[  1.46004546e-04  -5.96575098e+03  -1.71518440e+01]
[ -1.65596924e-04  -6.07737842e+03   1.71951008e+01]
[  1.61841876e-04  -6.07737842e+03  -1.71949444e+01]
[ -1.95155051e-04  -6.18926270e+03   1.72309837e+01]
[  1.91097468e-04  -6.18926270e+03  -1.72308254e+01]
[ -2.14793836e-04  -6.30135596e+03   1.72593346e+01]
[  2.10281636e-04  -6.30135596e+03  -1.72591743e+01]
[ -2.51605961e-04  -6.41360791e+03   1.72799301e+01]
[  2.46941927e-04  -6.41360791e+03  -1.72797680e+01]
[ -2.76646228e-04  -6.52596729e+03   1.72924004e+01]
[  2.70478806e-04  -6.52596729e+03  -1.72922325e+01]
[ -3.48879665e-04  -6.63838184e+03   1.72968044e+01]
[  3.47052905e-04  -6.63838184e+03  -1.72966309e+01]
